[gd_scene load_steps=34 format=2]

[ext_resource path="res://spatial.gd" type="Script" id=1]
[ext_resource path="res://kenney_platformerkit/Not Giving Up.ogg" type="AudioStream" id=2]
[ext_resource path="res://kenney_platformerkit/stars-in-the-night-sky.jpg" type="Texture" id=3]
[ext_resource path="res://kenney_platformerkit/lava_texture_by_twister10_d1fy457.jpg" type="Texture" id=4]
[ext_resource path="res://platform objects/blockLarge.tscn" type="PackedScene" id=5]
[ext_resource path="res://platform objects/ramp.tscn" type="PackedScene" id=6]
[ext_resource path="res://platform objects/Hexagon.tscn" type="PackedScene" id=7]
[ext_resource path="res://character.tscn" type="PackedScene" id=8]
[ext_resource path="res://platform objects/Fence.tscn" type="PackedScene" id=9]
[ext_resource path="res://platform objects/Tree.tscn" type="PackedScene" id=10]
[ext_resource path="res://platform objects/Endblock.tscn" type="PackedScene" id=11]
[ext_resource path="res://platform objects/Level.tscn" type="PackedScene" id=12]
[ext_resource path="res://platform objects/Corner.tscn" type="PackedScene" id=13]
[ext_resource path="res://platform objects/Cube.tscn" type="PackedScene" id=14]
[ext_resource path="res://platform objects/Quater.tscn" type="PackedScene" id=15]
[ext_resource path="res://platform objects/Sign.tscn" type="PackedScene" id=16]

[sub_resource type="PlaneMesh" id=1]
size = Vector2( 20, 20 )

[sub_resource type="SpatialMaterial" id=2]
albedo_color = Color( 0.113725, 0.470588, 0.137255, 1 )

[sub_resource type="ConvexPolygonShape" id=3]
points = PoolVector3Array( 10, 0, 10, -10, 0, 10, 10, 0, -10, -10, 0, -10 )

[sub_resource type="PlaneMesh" id=4]
size = Vector2( 200, 200 )

[sub_resource type="SpatialMaterial" id=5]
albedo_texture = ExtResource( 3 )

[sub_resource type="PlaneMesh" id=6]
size = Vector2( 200, 200 )

[sub_resource type="SpatialMaterial" id=7]
albedo_texture = ExtResource( 4 )

[sub_resource type="ConcavePolygonShape" id=8]
data = PoolVector3Array( 100, 0, 100, -100, 0, 100, 100, 0, -100, -100, 0, 100, -100, 0, -100, 100, 0, -100 )

[sub_resource type="PlaneMesh" id=9]
size = Vector2( 5, 5 )

[sub_resource type="SpatialMaterial" id=10]
albedo_color = Color( 0.113725, 0.447059, 0.101961, 1 )

[sub_resource type="ConcavePolygonShape" id=11]
data = PoolVector3Array( 2.5, 0, 2.5, -2.5, 0, 2.5, 2.5, 0, -2.5, -2.5, 0, 2.5, -2.5, 0, -2.5, 2.5, 0, -2.5 )

[sub_resource type="ConcavePolygonShape" id=12]
data = PoolVector3Array( 2.5, 0, 2.5, -2.5, 0, 2.5, 2.5, 0, -2.5, -2.5, 0, 2.5, -2.5, 0, -2.5, 2.5, 0, -2.5 )

[sub_resource type="ConcavePolygonShape" id=13]
data = PoolVector3Array( 2.5, 0, 2.5, -2.5, 0, 2.5, 2.5, 0, -2.5, -2.5, 0, 2.5, -2.5, 0, -2.5, 2.5, 0, -2.5 )

[sub_resource type="ConcavePolygonShape" id=14]
data = PoolVector3Array( 2.5, 0, 2.5, -2.5, 0, 2.5, 2.5, 0, -2.5, -2.5, 0, 2.5, -2.5, 0, -2.5, 2.5, 0, -2.5 )

[sub_resource type="ConcavePolygonShape" id=15]
data = PoolVector3Array( 2.5, 0, 2.5, -2.5, 0, 2.5, 2.5, 0, -2.5, -2.5, 0, 2.5, -2.5, 0, -2.5, 2.5, 0, -2.5 )

[sub_resource type="ConcavePolygonShape" id=16]
data = PoolVector3Array( 2.5, 0, 2.5, -2.5, 0, 2.5, 2.5, 0, -2.5, -2.5, 0, 2.5, -2.5, 0, -2.5, 2.5, 0, -2.5 )

[sub_resource type="ConcavePolygonShape" id=17]
data = PoolVector3Array( 2.5, 0, 2.5, -2.5, 0, 2.5, 2.5, 0, -2.5, -2.5, 0, 2.5, -2.5, 0, -2.5, 2.5, 0, -2.5 )

[node name="Spatial" type="Spatial"]
script = ExtResource( 1 )

[node name="Music" type="AudioStreamPlayer3D" parent="."]
transform = Transform( -0.965926, 0, 0.258819, 0, 1, 0, -0.258819, 0, -0.965926, -2.19628, 15.4424, -0.189957 )
stream = ExtResource( 2 )
autoplay = true

[node name="start" type="StaticBody" parent="."]
editor/display_folded = true

[node name="MeshInstance" type="MeshInstance" parent="start"]
mesh = SubResource( 1 )
material/0 = SubResource( 2 )

[node name="CollisionShape" type="CollisionShape" parent="start"]
shape = SubResource( 3 )

[node name="Night1" type="StaticBody" parent="."]
editor/display_folded = true
transform = Transform( -0.965925, 0, 0.258819, 0, 1, 0, -0.258819, 0, -0.965925, -2.19628, 15.4424, -0.189957 )

[node name="MeshInstance" type="MeshInstance" parent="Night1"]
transform = Transform( 1, 3.55271e-015, 0, 0, -1, 8.74228e-008, 0, -8.74228e-008, -1, 0, 34.2092, 0 )
mesh = SubResource( 4 )
material/0 = SubResource( 5 )

[node name="Night2" type="StaticBody" parent="."]
editor/display_folded = true
transform = Transform( -0.965925, 0, 0.258819, 0, 1, 0, -0.258819, 0, -0.965925, -132.432, 19.5264, -82.4439 )

[node name="MeshInstance" type="MeshInstance" parent="Night2"]
transform = Transform( -4.2222e-008, -0.965926, 0.258819, 1, -4.37114e-008, 0, 1.13133e-008, 0.258819, 0.965926, -97.3308, 34.2092, -29.4576 )
mesh = SubResource( 4 )
material/0 = SubResource( 5 )

[node name="Night3" type="StaticBody" parent="."]
editor/display_folded = true
transform = Transform( -0.965925, 0, 0.258819, 0, 1, 0, -0.258819, 0, -0.965925, -15.443, -14.4257, -0.189957 )

[node name="MeshInstance" type="MeshInstance" parent="Night3"]
transform = Transform( 1.13133e-008, 0.258819, 0.965926, 1, -4.37114e-008, 0, 4.2222e-008, 0.965926, -0.258819, -6.6736, 34.2092, -51.5828 )
mesh = SubResource( 4 )
material/0 = SubResource( 5 )

[node name="Night4" type="StaticBody" parent="."]
editor/display_folded = true
transform = Transform( -0.965925, 0, 0.258819, 0, 1, 0, -0.258819, 0, -0.965925, 7.72689, 33.7725, -49.1006 )

[node name="MeshInstance" type="MeshInstance" parent="Night4"]
transform = Transform( -1.13133e-008, -0.258819, -0.965926, 1, -4.37114e-008, 0, -4.2222e-008, -0.965926, 0.258819, -2.07306, 34.2092, 0.555481 )
mesh = SubResource( 4 )
material/0 = SubResource( 5 )

[node name="Night5" type="StaticBody" parent="."]
editor/display_folded = true
transform = Transform( -4.37114e-008, 1, 0, -0.999999, -4.37114e-008, 0, 0, 0, 0.999999, 15.4136, 33.7725, 9.39058 )

[node name="MeshInstance" type="MeshInstance" parent="Night5"]
transform = Transform( 1, 3.55271e-015, 0, 0, -1, 8.74228e-008, 0, -8.74228e-008, -1, 0, 34.2092, 0 )
mesh = SubResource( 4 )
material/0 = SubResource( 5 )

[node name="Lava" type="StaticBody" parent="."]
editor/display_folded = true
transform = Transform( -0.965926, 0, 0.258819, 0, 1, 0, -0.258819, 0, -0.965926, -1.165, -16.1714, -2.05805 )

[node name="MeshInstance" type="MeshInstance" parent="Lava"]
transform = Transform( 0.999999, 0, 1.49012e-008, 0, 1, 0, -1.49012e-008, 0, 0.999999, 0.512645, -0.649286, -2.07135 )
mesh = SubResource( 6 )
material/0 = SubResource( 7 )

[node name="CollisionShape" type="CollisionShape" parent="Lava"]
shape = SubResource( 8 )

[node name="camerahub" type="Spatial" parent="."]
editor/display_folded = true
transform = Transform( 0.99227, 0, -0.124096, 0, 1, 0, 0.124096, 0, 0.99227, 0, 0, 0 )

[node name="Camera" type="Camera" parent="camerahub"]
transform = Transform( 0.58075, 0.488961, -0.650882, -0.00654645, 0.802307, 0.596876, 0.814056, -0.342374, 0.469141, -1.6743, 3.64325, 6.52704 )

[node name="DirectionalLight" type="DirectionalLight" parent="."]
transform = Transform( 0.969558, 0.223002, 0.101135, -0.244864, 0.882994, 0.400454, 0, -0.413028, 0.910718, 0, 6.93001, 0 )
shadow_enabled = true

[node name="blockLarge" parent="." instance=ExtResource( 5 )]
transform = Transform( 1, 0, 0, 0, 1, 0, 0, 0, 1, 4.08381, -0.00842571, -4.17287 )

[node name="blockLarge2" parent="." instance=ExtResource( 5 )]
transform = Transform( 1, 0, 0, 0, 1, 0, 0, 0, 1, 4.36182, 0, 3.5 )

[node name="blockLarge3" parent="." instance=ExtResource( 5 )]
transform = Transform( 1, 0, 0, 0, 1, 0, 0, 0, 1, 6.36182, 2, 11 )

[node name="blockLarge4" parent="." instance=ExtResource( 5 )]
transform = Transform( 1, 0, 0, 0, 1, 0, 0, 0, 1, -2.63818, -1, -13 )

[node name="blockLarge5" parent="." instance=ExtResource( 5 )]
transform = Transform( 1, 0, 0, 0, 1, 0, 0, 0, 1, 0.36182, -1, -19 )

[node name="blockLarge6" parent="." instance=ExtResource( 5 )]
transform = Transform( 1, 0, 0, 0, 1, 0, 0, 0, 1, -2.63818, 0, -24 )

[node name="ramp" parent="." instance=ExtResource( 6 )]
transform = Transform( 0.0871559, 0, 0.996195, 0, 1, 0, -0.996195, 0, 0.0871559, 4, 0, -5 )

[node name="ramp2" parent="." instance=ExtResource( 6 )]
transform = Transform( 0.996195, 0, -0.0871558, 0, 1, 0, 0.0871558, 0, 0.996195, 5.26853, 1, 4.5 )

[node name="ramp3" parent="." instance=ExtResource( 6 )]
transform = Transform( -1, 0, -8.9407e-008, 0, 1, 0, 8.9407e-008, 0, -1, -9.53674e-007, 1, -35 )

[node name="ramp4" parent="." instance=ExtResource( 6 )]
transform = Transform( -4.37114e-008, 0, 1, 0, 1, 0, -1, 0, -4.37114e-008, 24, 2, -38 )

[node name="ramp5" parent="." instance=ExtResource( 6 )]
transform = Transform( -4.37114e-008, 0, 1, 0, 1, 0, -1, 0, -4.37114e-008, 28, 3, -38 )

[node name="ramp6" parent="." instance=ExtResource( 6 )]
transform = Transform( -4.37114e-008, 0, 1, 0, 1, 0, -1, 0, -4.37114e-008, 33, 4, -38 )

[node name="Hexagon" parent="." instance=ExtResource( 7 )]
transform = Transform( 1, 0, 0, 0, 1, 0, 0, 0, 1, 4.5, 0, -1 )

[node name="Hexagon2" parent="." instance=ExtResource( 7 )]
transform = Transform( 1, 0, 0, 0, 1, 0, 0, 0, 1, 2.5, 2, 7 )

[node name="Hexagon3" parent="." instance=ExtResource( 7 )]
transform = Transform( 1, 0, 0, 0, 1, 0, 0, 0, 1, -1.5, 0, -30 )

[node name="Hexagon4" parent="." instance=ExtResource( 7 )]
transform = Transform( 1, 0, 0, 0, 1, 0, 0, 0, 1, 10.5, 0, -39 )

[node name="Hexagon5" parent="." instance=ExtResource( 7 )]
transform = Transform( 1, 0, 0, 0, 1, 0, 0, 0, 1, 14.5, 1, -39 )

[node name="Hexagon6" parent="." instance=ExtResource( 7 )]
transform = Transform( 1, 0, 0, 0, 1, 0, 0, 0, 1, 18.5, 1, -38 )

[node name="character" parent="." instance=ExtResource( 8 )]
transform = Transform( -0.965926, 0, 0.258819, 0, 1, 0, -0.258819, 0, -0.965926, -1.165, 0.578076, -0.784733 )

[node name="checkpoint" type="StaticBody" parent="."]
editor/display_folded = true

[node name="MeshInstance" type="MeshInstance" parent="checkpoint"]
transform = Transform( 1, 0, 0, 0, 1, 0, 0, 0, 1, 0, 0, -41 )
mesh = SubResource( 9 )
material/0 = SubResource( 10 )

[node name="CollisionShape" type="CollisionShape" parent="checkpoint"]
transform = Transform( 1, 0, 0, 0, 1, 0, 0, 0, 1, 0.0706835, 0.00276279, -40.9548 )
shape = SubResource( 11 )

[node name="checkpoint2" type="StaticBody" parent="."]
editor/display_folded = true
transform = Transform( 1, 0, 0, 0, 1, 0, 0, 0, 1, 39, 4, 3 )

[node name="MeshInstance" type="MeshInstance" parent="checkpoint2"]
transform = Transform( 1, 0, 0, 0, 1, 0, 0, 0, 1, 0, 0, -41 )
mesh = SubResource( 9 )
material/0 = SubResource( 10 )

[node name="CollisionShape" type="CollisionShape" parent="checkpoint2"]
transform = Transform( 1, 0, 0, 0, 1, 0, 0, 0, 1, 0, 0, -40.9206 )
shape = SubResource( 12 )

[node name="checkpoint3" type="StaticBody" parent="."]
editor/display_folded = true
transform = Transform( 1, 0, 0, 0, 1, 0, 0, 0, 1, 36.1401, 3.51691, 75.6079 )

[node name="MeshInstance" type="MeshInstance" parent="checkpoint3"]
transform = Transform( 1, 0, 0, 0, 1, 0, 0, 0, 1, 0, 0, -41 )
mesh = SubResource( 9 )
material/0 = SubResource( 10 )

[node name="CollisionShape" type="CollisionShape" parent="checkpoint3"]
transform = Transform( 1, 0, 0, 0, 1, 0, 0, 0, 1, 0, 0, -40.999 )
shape = SubResource( 13 )

[node name="checkpoint4" type="StaticBody" parent="."]
editor/display_folded = true
transform = Transform( 1, 0, 0, 0, 1, 0, 0, 0, 1, -31.8599, 0.516909, 79.6079 )

[node name="MeshInstance" type="MeshInstance" parent="checkpoint4"]
transform = Transform( 1, 0, 0, 0, 1, 0, 0, 0, 1, 0, 0, -41 )
mesh = SubResource( 9 )
material/0 = SubResource( 10 )

[node name="CollisionShape" type="CollisionShape" parent="checkpoint4"]
transform = Transform( 1, 0, 0, 0, 1, 0, 0, 0, 1, 0, 0, -40.9767 )
shape = SubResource( 14 )

[node name="checkpoint5" type="StaticBody" parent="."]
editor/display_folded = true
transform = Transform( 1, 0, 0, 0, 1, 0, 0, 0, 1, -32, 11, 3 )

[node name="MeshInstance" type="MeshInstance" parent="checkpoint5"]
transform = Transform( 1, 0, 0, 0, 1, 0, 0, 0, 1, 0, 0, -41 )
mesh = SubResource( 9 )
material/0 = SubResource( 10 )

[node name="CollisionShape" type="CollisionShape" parent="checkpoint5"]
transform = Transform( 1, 0, 0, 0, 1, 0, 0, 0, 1, 0, 0, -41.037 )
shape = SubResource( 15 )

[node name="checkpoint6" type="StaticBody" parent="."]
editor/display_folded = true
transform = Transform( 1, 0, 0, 0, 1, 0, 0, 0, 1, -17.4931, 9.71438, 43.6161 )

[node name="MeshInstance" type="MeshInstance" parent="checkpoint6"]
transform = Transform( 1, 0, 0, 0, 1, 0, 0, 0, 1, 0, 0, -41 )
mesh = SubResource( 9 )
material/0 = SubResource( 10 )

[node name="CollisionShape" type="CollisionShape" parent="checkpoint6"]
transform = Transform( 1, 0, 0, 0, 1, 0, 0, 0, 1, 0, 0, -40.9465 )
shape = SubResource( 16 )

[node name="checkpoint7" type="StaticBody" parent="."]
editor/display_folded = true
transform = Transform( 1, 0, 0, 0, 1, 0, 0, 0, 1, -6.62101, 22.7826, 57.9356 )

[node name="MeshInstance" type="MeshInstance" parent="checkpoint7"]
transform = Transform( 1, 0, 0, 0, 1, 0, 0, 0, 1, 0, 0, -41 )
mesh = SubResource( 9 )
material/0 = SubResource( 10 )

[node name="CollisionShape" type="CollisionShape" parent="checkpoint7"]
transform = Transform( 1, 0, 0, 0, 1, 0, 0, 0, 1, 0, 0, -40.8739 )
shape = SubResource( 17 )

[node name="Fence" parent="." instance=ExtResource( 9 )]
transform = Transform( -4.37114e-008, 0, 1, 0, 1, 0, -1, 0, -4.37114e-008, 5, 0, -40 )

[node name="Fence2" parent="." instance=ExtResource( 9 )]
transform = Transform( -4.37114e-008, 0, 1, 0, 1, 0, -1, 0, -4.37114e-008, 8, 0, -40 )

[node name="Tree" parent="." instance=ExtResource( 10 )]
transform = Transform( 1, 0, 0, 0, 1, 0, 0, 0, 1, 40, 2, -33.0307 )

[node name="Tree2" parent="." instance=ExtResource( 10 )]
transform = Transform( 1, 0, 0, 0, 1, 0, 0, 0, 1, 40, 2.6366, -30.0307 )

[node name="Tree3" parent="." instance=ExtResource( 10 )]
transform = Transform( 1, 0, 0, 0, 1, 0, 0, 0, 1, 39.2975, 3.52015, -27.1363 )

[node name="Endblock" parent="." instance=ExtResource( 11 )]
transform = Transform( 1, 0, 0, 0, 1, 0, 0, 0, 1, 38, 4, -22 )

[node name="Endblock2" parent="." instance=ExtResource( 11 )]
transform = Transform( 1, 0, 0, 0, 1, 0, 0, 0, 1, 35, 4, -19 )

[node name="Endblock3" parent="." instance=ExtResource( 11 )]
transform = Transform( 1, 0, 0, 0, 1, 0, 0, 0, 1, 37, 4, -16 )

[node name="Level" parent="." instance=ExtResource( 12 )]
transform = Transform( 1, 0, 0, 0, 1, 0, 0, 0, 1, 37, 4, -11 )

[node name="Level2" parent="." instance=ExtResource( 12 )]
transform = Transform( 1, 0, 0, 0, 1, 0, 0, 0, 1, 37.1096, 5.49481, -7.13486 )

[node name="Corner" parent="." instance=ExtResource( 13 )]
transform = Transform( -0.707107, 0, 0.707107, 0, 1, 0, -0.707107, 0, -0.707107, 37.9729, 5.49481, -3.1699 )

[node name="Corner2" parent="." instance=ExtResource( 13 )]
transform = Transform( -0.707107, 0, 0.707107, 0, 1, 0, -0.707107, 0, -0.707107, 37.9729, 3.11786, 3.42159 )

[node name="Tree4" parent="." instance=ExtResource( 10 )]
transform = Transform( -0.707107, 0, 0.707107, 0, 1, 0, -0.707107, 0, -0.707107, 37.9512, 2.54017, 7.79103 )

[node name="Tree5" parent="." instance=ExtResource( 10 )]
transform = Transform( -0.707107, 0, 0.707107, 0, 1, 0, -0.707107, 0, -0.707107, 37.9512, 2.54017, 11.174 )

[node name="Tree6" parent="." instance=ExtResource( 10 )]
transform = Transform( -0.707107, 0, 0.707107, 0, 1, 0, -0.707107, 0, -0.707107, 37.9512, 1.75, 15.6765 )

[node name="Tree7" parent="." instance=ExtResource( 10 )]
transform = Transform( -0.707107, 0, 0.707107, 0, 1, 0, -0.707107, 0, -0.707107, 37.9512, 2.31556, 19.4313 )

[node name="Hexagon7" parent="." instance=ExtResource( 7 )]
transform = Transform( -0.707107, 0, 0.707107, 0, 1, 0, -0.707107, 0, -0.707107, 37.9512, 2.31556, 23.1684 )

[node name="Hexagon8" parent="." instance=ExtResource( 7 )]
transform = Transform( -0.707107, 0, 0.707107, 0, 1, 0, -0.707107, 0, -0.707107, 37.9512, 2.31556, 26.1766 )

[node name="Hexagon9" parent="." instance=ExtResource( 7 )]
transform = Transform( -0.707107, 0, 0.707107, 0, 1, 0, -0.707107, 0, -0.707107, 37.9512, 2.31556, 29.1506 )

[node name="Cube" parent="." instance=ExtResource( 14 )]
transform = Transform( -0.707107, 0, 0.707107, 0, 1, 0, -0.707107, 0, -0.707107, 29.9512, 3.31556, 35.1506 )

[node name="Cube2" parent="." instance=ExtResource( 14 )]
transform = Transform( -0.707107, 0, 0.707107, 0, 1, 0, -0.707107, 0, -0.707107, 25.9512, 3.31556, 35.1506 )

[node name="Cube3" parent="." instance=ExtResource( 14 )]
transform = Transform( -0.707107, 0, 0.707107, 0, 1, 0, -0.707107, 0, -0.707107, 21.9512, 3.31556, 35.1506 )

[node name="Cube4" parent="." instance=ExtResource( 14 )]
transform = Transform( -0.707107, 0, 0.707107, 0, 1, 0, -0.707107, 0, -0.707107, 16.9512, 3.31556, 35.1506 )

[node name="Cube5" parent="." instance=ExtResource( 14 )]
transform = Transform( -0.707107, 0, 0.707107, 0, 1, 0, -0.707107, 0, -0.707107, 11.9512, 3.31556, 35.1506 )

[node name="Cube6" parent="." instance=ExtResource( 14 )]
transform = Transform( -0.707107, 0, 0.707107, 0, 1, 0, -0.707107, 0, -0.707107, 6.95118, 3.31556, 35.1506 )

[node name="Cube7" parent="." instance=ExtResource( 14 )]
transform = Transform( -0.707107, 0, 0.707107, 0, 1, 0, -0.707107, 0, -0.707107, 1.95118, 3.31556, 35.1506 )

[node name="Cube8" parent="." instance=ExtResource( 14 )]
transform = Transform( -0.707107, 0, 0.707107, 0, 1, 0, -0.707107, 0, -0.707107, -3.00153, 3.31556, 35.1506 )

[node name="Cube9" parent="." instance=ExtResource( 14 )]
transform = Transform( -0.707107, 0, 0.707107, 0, 1, 0, -0.707107, 0, -0.707107, -7.0432, 3.31556, 35.1506 )

[node name="Cube10" parent="." instance=ExtResource( 14 )]
transform = Transform( -0.707107, 0, 0.707107, 0, 1, 0, -0.707107, 0, -0.707107, -10.939, 3.31556, 35.1506 )

[node name="Cube11" parent="." instance=ExtResource( 14 )]
transform = Transform( -0.707107, 0, 0.707107, 0, 1, 0, -0.707107, 0, -0.707107, -15.2363, 3.31556, 35.1506 )

[node name="Cube12" parent="." instance=ExtResource( 14 )]
transform = Transform( -0.707107, 0, 0.707107, 0, 1, 0, -0.707107, 0, -0.707107, -19.1131, 3.31556, 35.1506 )

[node name="Cube14" parent="." instance=ExtResource( 14 )]
transform = Transform( -0.707107, 0, 0.707107, 0, 1, 0, -0.707107, 0, -0.707107, -22.8263, 3.31556, 35.1506 )

[node name="Cube15" parent="." instance=ExtResource( 14 )]
transform = Transform( -0.707107, 0, 0.707107, 0, 1, 0, -0.707107, 0, -0.707107, -25.1667, 3.31556, 35.1506 )

[node name="blockLarge7" parent="." instance=ExtResource( 5 )]
transform = Transform( -0.707107, 0, 0.707107, 0, 1, 0, -0.707107, 0, -0.707107, -32.0488, 0.315564, 33.1506 )

[node name="blockLarge8" parent="." instance=ExtResource( 5 )]
transform = Transform( -0.707107, 0, 0.707107, 0, 1, 0, -0.707107, 0, -0.707107, -32.0488, 0.315564, 28.1506 )

[node name="blockLarge9" parent="." instance=ExtResource( 5 )]
transform = Transform( -0.707107, 0, 0.707107, 0, 1, 0, -0.707107, 0, -0.707107, -32.0488, 0.315564, 22.1506 )

[node name="blockLarge10" parent="." instance=ExtResource( 5 )]
transform = Transform( -0.707107, 0, 0.707107, 0, 1, 0, -0.707107, 0, -0.707107, -32.0488, 1.31556, 17.1506 )

[node name="blockLarge11" parent="." instance=ExtResource( 5 )]
transform = Transform( -0.707107, 0, 0.707107, 0, 1, 0, -0.707107, 0, -0.707107, -32.0488, 2.31556, 11.1506 )

[node name="blockLarge12" parent="." instance=ExtResource( 5 )]
transform = Transform( -0.707107, 0, 0.707107, 0, 1, 0, -0.707107, 0, -0.707107, -32.0488, 3.31556, 6.15058 )

[node name="blockLarge13" parent="." instance=ExtResource( 5 )]
transform = Transform( 1, 0, 0, 0, 1, 0, 0, 0, 1, -35.0488, 4.31556, 1.51535 )

[node name="blockLarge14" parent="." instance=ExtResource( 5 )]
transform = Transform( 1, 0, 0, 0, 1, 0, 0, 0, 1, -35.0488, 5.31556, -3.19193 )

[node name="blockLarge15" parent="." instance=ExtResource( 5 )]
transform = Transform( 1, 0, 0, 0, 1, 0, 0, 0, 1, -35.0488, 6.31556, -8.50585 )

[node name="blockLarge16" parent="." instance=ExtResource( 5 )]
transform = Transform( -0.707107, 0, 0.707107, 0, 1, 0, -0.707107, 0, -0.707107, -32.0488, 7.31556, -14.1632 )

[node name="blockLarge17" parent="." instance=ExtResource( 5 )]
transform = Transform( -0.707107, 0, 0.707107, 0, 1, 0, -0.707107, 0, -0.707107, -32.0488, 8.31556, -19.3331 )

[node name="blockLarge18" parent="." instance=ExtResource( 5 )]
transform = Transform( 1, 0, 0, 0, 1, 0, 0, 0, 1, -34.0488, 9.31556, -23.1331 )

[node name="blockLarge20" parent="." instance=ExtResource( 5 )]
transform = Transform( 1, 0, 0, 0, 1, 0, 0, 0, 1, -34.0488, 9.31556, -27.8455 )

[node name="blockLarge21" parent="." instance=ExtResource( 5 )]
transform = Transform( 1, 0, 0, 0, 1, 0, 0, 0, 1, -34.1551, 9.45336, -32.3628 )

[node name="blockLarge19" parent="." instance=ExtResource( 5 )]
transform = Transform( 1, 0, 0, 0, 1, 0, 0, 0, 1, -26.0488, 10.3156, -36.8494 )

[node name="Hexagon10" parent="." instance=ExtResource( 7 )]
transform = Transform( 1, 0, 0, 0, 1, 0, 0, 0, 1, -22.0488, 10.3156, -33.8494 )

[node name="ramp7" parent="." instance=ExtResource( 6 )]
transform = Transform( 1, 0, 0, 0, 1, 0, 0, 0, 1, -20.0488, 11.3156, -30.8494 )

[node name="Fence3" parent="." instance=ExtResource( 9 )]
transform = Transform( 1, 0, 0, 0, 1, 0, 0, 0, 1, -20.0488, 12.3156, -27.8494 )

[node name="Tree8" parent="." instance=ExtResource( 10 )]
transform = Transform( 1, 0, 0, 0, 1, 0, 0, 0, 1, -19.0488, 11.3156, -24.8802 )

[node name="Endblock4" parent="." instance=ExtResource( 11 )]
transform = Transform( 1, 0, 0, 0, 1, 0, 0, 0, 1, -19.0488, 10.3156, -20.8802 )

[node name="Level3" parent="." instance=ExtResource( 12 )]
transform = Transform( 1, 0, 0, 0, 1, 0, 0, 0, 1, -19.0488, 11.02, -16.8802 )

[node name="Corner3" parent="." instance=ExtResource( 13 )]
transform = Transform( 1, 0, 0, 0, 1, 0, 0, 0, 1, -19.0488, 11.3156, -11.8802 )

[node name="Cube13" parent="." instance=ExtResource( 14 )]
transform = Transform( 1, 0, 0, 0, 1, 0, 0, 0, 1, -19.0488, 11.3156, -7.90292 )

[node name="Quater" parent="." instance=ExtResource( 15 )]
transform = Transform( 1, 0, 0, 0, 1, 0, 0, 0, 1, -17.1062, 11.7745, -6.725 )

[node name="Sign5" parent="." instance=ExtResource( 16 )]
transform = Transform( 1, 0, 0, 0, 1, 0, 0, 0, 1, -17.5988, 12.1825, -2.79191 )

[node name="ramp8" parent="." instance=ExtResource( 6 )]
transform = Transform( 1, 0, 0, 0, 1, 0, 0, 0, 1, -17.5988, 10.4581, 8.14594 )

[node name="ramp9" parent="." instance=ExtResource( 6 )]
transform = Transform( 1, 0, 0, 0, 1, 0, 0, 0, 1, -17.5988, 11.6689, 11.0075 )

[node name="ramp10" parent="." instance=ExtResource( 6 )]
transform = Transform( 1, 0, 0, 0, 1, 0, 0, 0, 1, -17.5988, 13.5988, 14.6722 )

[node name="ramp11" parent="." instance=ExtResource( 6 )]
transform = Transform( 0.707107, 0, 0.707107, 0, 1, 0, -0.707107, 0, 0.707107, -15.0022, 14.9522, 17.4104 )

[node name="ramp12" parent="." instance=ExtResource( 6 )]
transform = Transform( -4.37114e-008, 0, 1, 0, 1, 0, -1, 0, -4.37114e-008, -11.0997, 16.0705, 17.4104 )

[node name="ramp13" parent="." instance=ExtResource( 6 )]
transform = Transform( -0.707107, 0, 0.707107, 0, 1, 0, -0.707107, 0, -0.707107, -7.86471, 17.0669, 14.8503 )

[node name="ramp14" parent="." instance=ExtResource( 6 )]
transform = Transform( -1, 0, -8.74228e-008, 0, 1, 0, 8.74228e-008, 0, -1, -7.20165, 17.9111, 11.0032 )

[node name="ramp15" parent="." instance=ExtResource( 6 )]
transform = Transform( -0.707107, 0, -0.707107, 0, 1, 0, 0.707107, 0, -0.707107, -10.6507, 18.9209, 7.92241 )

[node name="ramp16" parent="." instance=ExtResource( 6 )]
transform = Transform( 1.19249e-008, 0, -1, 0, 1, 0, 1, 0, 1.19249e-008, -14.9287, 19.7716, 7.09426 )

[node name="ramp17" parent="." instance=ExtResource( 6 )]
transform = Transform( 0.707107, 0, -0.707107, 0, 1, 0, 0.707107, 0, 0.707107, -17.778, 20.8268, 9.41484 )

[node name="ramp18" parent="." instance=ExtResource( 6 )]
transform = Transform( 1, 0, 0, 0, 1, 0, 0, 0, 1, -18.7934, 21.7187, 12.4802 )

[node name="ramp19" parent="." instance=ExtResource( 6 )]
transform = Transform( 0.707107, 0, 0.707107, 0, 1, 0, -0.707107, 0, 0.707107, -16.5118, 22.5019, 15.6894 )

[node name="ramp20" parent="." instance=ExtResource( 6 )]
transform = Transform( -4.37114e-008, 0, 1, 0, 1, 0, -1, 0, -4.37114e-008, -12.4545, 23.7319, 16.6802 )
